CIV   1548.20  0.1904     1550.77  0.09501
SiIV  1393.76  0.513      1402.77  0.255
NV    1238.82  0.1563     1242.80  0.07783
OVI   1031.930 0.1327     1037.620 0.06591
MgII  2795.528 0.608      2802.704 0.303
AlIII 1854.716 0.557      1862.789 0.277
PV    1117.980 0.450      1128.010 0.221
NeVIII 770.409   0.1020   780.324   0.0502
SVI   933.376  0.440      944.525  0.210
CIII  977.030  0.7586     977.030  0.7586
SIV   1062.656 0.5800     1062.656 0.5800
SiIII 1206.51  1.670	  1206.51  1.670
CII   1036.337 0.123      1036.337 0.123
CII   1334.532 0.127     1334.532 0.127
CIIe  1335.71  0.12646    1335.71  0.12646
SiII  1260.42  1.22       1260.42  1.22
SiIIe 1264.73  1.09       1264.73  1.09 
SIVe  1072.508 0.52       1072.508 0.52 
FeIII 1121.9748 0.0814    1121.9748 0.0814
FeIIIe 1124.1227 0.0253   1124.1227 0.0253
FeII  1608.451 0.05912    1608.451 0.05912
OI    1302.168 0.052      1302.168 0.052
CII    904.142 0.419       904.142 0.419
SVI   933.376   0.4400    944.525   0.2100
OIII  832.927   0.1060    832.927   0.1060
NIII  989.790   0.1230   989.790   0.1230
OIV   787.711   0.1110   787.711   0.1110
